NC_009598.1	OR643818.1	99.262	27378	61	18	88975	116282	1105211	1077905	0	48509
NC_009598.1	OR643818.1	99.246	24276	51	16	131578	155786	1081001	1105211	0	43001
NC_009598.1	OR643818.1	98.589	20619	158	26	68538	89115	205372	225898	0	35875
NC_009598.1	OR643818.1	99.147	19581	73	14	46593	66134	729347	748872	0	34581
NC_009598.1	OR643818.1	99.31	6952	23	6	36896	43846	729372	722445	0	12317
NC_009598.1	OR643818.1	99.601	6259	20	2	19128	25381	564765	558507	0	11171
NC_009598.1	OR643818.1	98.198	5661	36	10	125884	131485	635707	641360	0	9764
NC_009598.1	OR643818.1	98.406	5522	37	10	30758	36265	356926	351442	0	9563
NC_009598.1	OR643818.1	99.547	5297	11	4	120532	125827	475032	480316	0	9439
NC_009598.1	OR643818.1	98.722	5244	17	4	25559	30761	157183	162417	0	9183
NC_009598.1	OR643818.1	99.014	4869	15	5	6800	11637	6285	11151	0	8572
NC_009598.1	OR643818.1	99.818	3842	7	0	1	3842	98972	102813	0	6898
NC_009598.1	OR643818.1	98.708	3714	21	7	12362	16066	564751	568446	0	6475
NC_009598.1	OR643818.1	99.589	2922	4	3	66665	69579	317447	314527	0	5210
NC_009598.1	OR643818.1	98.125	2986	17	3	16115	19097	568429	571378	0	5155
NC_009598.1	OR643818.1	99.113	2820	14	5	4006	6819	435883	438697	0	4961
NC_009598.1	OR643818.1	98.961	2790	6	2	43860	46626	722352	719563	0	4913
NC_009598.1	OR643818.1	97.371	2625	11	6	116480	119047	1073717	1071094	0	4449
NC_009598.1	OR643818.1	99.71	2067	6	0	155646	157712	225898	223832	0	3701
NC_009598.1	OR643818.1	91.048	2167	105	14	119165	121262	400099	402245	0	3051
NC_009598.1	OR643818.1	99.625	1068	4	0	125884	126951	15659	16726	0	1909
NC_009598.1	OR643818.1	85.417	1056	53	16	52349	53357	507069	506068	0	1230
NC_009598.1	OR643818.1	98.261	575	4	1	140730	141304	709646	709078	0	994
NC_009598.1	OR643818.1	98.261	575	4	1	103457	104031	709078	709646	0	994
NC_009598.1	OR643818.1	96.126	413	10	2	5132	5538	438687	439099	0	670
NC_009598.1	OR643818.1	95.25	400	13	1	31318	31711	506022	505623	0	637
NC_009598.1	OR643818.1	88.787	437	39	4	11923	12354	707419	706988	1.29E-157	559
NC_009598.1	OR643818.1	93.86	342	11	2	102647	102988	120265	119934	9.26E-147	523
NC_009598.1	OR643818.1	93.86	342	11	2	141773	142114	119934	120265	9.26E-147	523
NC_009598.1	OR643818.1	89.683	378	35	1	58699	59076	461393	461020	7.12E-142	506
NC_009598.1	OR643818.1	72.955	880	200	17	103510	104372	688237	687379	1.47E-131	472
NC_009598.1	OR643818.1	72.955	880	200	17	140389	141251	687379	688237	1.47E-131	472
NC_009598.1	OR643818.1	92.203	295	12	2	52044	52338	507474	507191	4.50E-119	430
NC_009598.1	OR643818.1	80.667	450	60	8	31016	31459	649416	648988	1.47E-112	408
NC_009598.1	OR643818.1	81.418	409	39	8	61575	61983	505630	505259	1.13E-107	393
NC_009598.1	OR643818.1	96.759	216	7	0	84175	84390	985715	985500	2.33E-97	359
NC_009598.1	OR643818.1	74.624	532	124	4	134794	135320	119586	119061	5.13E-93	343
NC_009598.1	OR643818.1	74.624	532	124	4	109441	109967	119061	119586	5.13E-93	343
NC_009598.1	OR643818.1	97.512	201	4	1	25388	25587	558442	558242	7.62E-91	337
NC_009598.1	OR643818.1	74.31	471	91	11	135466	135922	118927	118473	1.47E-74	282
NC_009598.1	OR643818.1	74.31	471	91	11	108839	109295	118473	118927	1.47E-74	282
NC_009598.1	OR643818.1	68.326	663	81	23	32651	33296	648820	648270	1.38E-68	262
NC_009598.1	OR643818.1	92.5	160	11	1	66554	66712	327296	327455	2.34E-59	232
NC_009598.1	OR643818.1	77.936	281	60	2	104399	104679	686578	686300	4.22E-56	221
NC_009598.1	OR643818.1	77.936	281	60	2	140082	140362	686300	686578	4.22E-56	221
NC_009598.1	OR643818.1	100	108	0	0	57120	57227	722451	722344	1.68E-48	196
NC_009598.1	OR643818.1	83.516	182	22	2	34684	34865	280162	280335	2.05E-47	192
NC_009598.1	OR643818.1	66.77	644	93	26	11310	11949	282369	282895	2.50E-46	189
NC_009598.1	OR643818.1	65.258	852	245	14	11118	11930	198436	199275	3.04E-45	186
NC_009598.1	OR643818.1	70.37	405	56	16	2288	2635	902208	902605	1.57E-42	176
NC_009598.1	OR643818.1	80.645	186	28	3	36535	36719	329436	329614	8.16E-40	168
NC_009598.1	OR643818.1	98.876	89	1	0	36177	36265	802542	802630	1.47E-36	157
NC_009598.1	OR643818.1	98.876	89	1	0	102900	102988	986361	986273	1.47E-36	157
NC_009598.1	OR643818.1	98.876	89	1	0	141773	141861	986273	986361	1.47E-36	157
NC_009598.1	OR643818.1	74.026	231	43	3	205	435	147143	146930	2.19E-34	149
NC_009598.1	OR643818.1	95.699	93	3	1	137970	138062	956136	956045	7.64E-34	147
NC_009598.1	OR643818.1	95.699	93	3	1	106699	106791	956045	956136	7.64E-34	147
NC_009598.1	OR643818.1	67.517	431	78	14	75843	76262	709899	710278	1.13E-31	140
NC_009598.1	OR643818.1	97.5	80	2	0	157693	157772	940065	940144	1.38E-30	136
NC_009598.1	OR643818.1	100	74	0	0	157699	157772	98898	98971	4.82E-30	134
NC_009598.1	OR643818.1	100	74	0	0	157699	157772	1028885	1028812	4.82E-30	134
NC_009598.1	OR643818.1	74.163	209	52	2	136379	136585	117483	117275	7.16E-28	127
NC_009598.1	OR643818.1	74.163	209	52	2	108176	108382	117275	117483	7.16E-28	127
NC_009598.1	OR643818.1	98.611	72	1	0	55018	55089	1005788	1005859	2.50E-27	126
NC_009598.1	OR643818.1	93.243	74	5	0	54710	54783	668345	668272	5.50E-23	112
NC_009598.1	OR643818.1	66.829	410	83	14	3267	3635	902819	903216	5.50E-23	112
NC_009598.1	OR643818.1	79.365	126	26	0	39986	40111	724073	723948	5.50E-23	111
NC_009598.1	OR643818.1	79.365	126	26	0	42210	42335	726297	726172	5.50E-23	111
NC_009598.1	OR643818.1	77.206	136	9	4	152509	152635	792037	791915	6.70E-22	108
NC_009598.1	OR643818.1	77.206	136	9	4	92126	92252	791915	792037	6.70E-22	108
NC_009598.1	OR643818.1	96.667	60	2	0	32712	32771	628134	628193	9.95E-20	100
NC_009598.1	OR643818.1	82.474	97	11	1	2823	2919	902726	902816	9.95E-20	100
NC_009598.1	OR643818.1	73.78	164	27	4	96401	96553	180423	180265	3.47E-19	99.6
NC_009598.1	OR643818.1	73.78	164	27	4	148208	148360	180265	180423	3.47E-19	99.6
NC_009598.1	OR643818.1	73.78	164	27	4	96401	96553	374939	374781	3.47E-19	99.6
NC_009598.1	OR643818.1	73.78	164	27	4	148208	148360	374781	374939	3.47E-19	99.6
NC_009598.1	OR643818.1	68.526	251	30	10	44998	45242	601180	600973	1.21E-18	96.9
NC_009598.1	OR643818.1	88.732	71	8	0	35779	35849	675580	675510	1.48E-17	93.3
NC_009598.1	OR643818.1	80.412	97	19	0	137047	137143	116809	116713	1.80E-16	90.6
NC_009598.1	OR643818.1	80.412	97	19	0	107618	107714	116713	116809	1.80E-16	90.6
NC_009598.1	OR643818.1	96.296	54	2	0	129499	129552	2676	2623	1.80E-16	89.7
NC_009598.1	OR643818.1	93.22	59	4	0	25844	25902	691649	691707	1.80E-16	89.7
NC_009598.1	OR643818.1	84.932	73	11	0	815	887	618263	618335	2.67E-14	83.3
NC_009598.1	OR643818.1	83.562	73	4	1	13962	14034	749223	749287	9.32E-14	81.5
NC_009598.1	OR643818.1	97.872	47	1	0	116299	116345	1077845	1077799	9.32E-14	81.5
NC_009598.1	OR643818.1	100	44	0	0	87280	87323	73242	73199	9.32E-14	80.6
NC_009598.1	OR643818.1	100	44	0	0	157438	157481	73199	73242	9.32E-14	80.6
NC_009598.1	OR643818.1	89.655	58	6	0	97542	97599	248781	248724	3.25E-13	78.8
NC_009598.1	OR643818.1	89.655	58	6	0	147162	147219	248724	248781	3.25E-13	78.8
NC_009598.1	OR643818.1	80.233	86	8	2	18704	18781	1054451	1054367	3.25E-13	78.8
NC_009598.1	OR643818.1	71.975	157	39	3	136731	136884	117140	116986	1.13E-12	77
NC_009598.1	OR643818.1	71.975	157	39	3	107877	108030	116986	117140	1.13E-12	77
NC_009598.1	OR643818.1	95.745	47	2	0	99177	99223	138452	138406	1.13E-12	77
NC_009598.1	OR643818.1	95.745	47	2	0	145538	145584	138406	138452	1.13E-12	77
NC_009598.1	OR643818.1	86.885	61	2	1	127860	127920	30296	30350	3.96E-12	76.1
NC_009598.1	OR643818.1	86.885	61	2	1	127860	127920	248528	248582	3.96E-12	76.1
NC_009598.1	OR643818.1	86.885	61	2	1	127860	127920	351279	351225	3.96E-12	76.1
NC_009598.1	OR643818.1	86.885	61	2	1	127860	127920	635566	635512	3.96E-12	76.1
NC_009598.1	OR643818.1	97.727	44	1	0	103375	103418	709032	708989	3.96E-12	76.1
NC_009598.1	OR643818.1	97.727	44	1	0	141343	141386	708989	709032	3.96E-12	76.1
NC_009598.1	OR643818.1	86.885	61	8	0	103305	103365	688532	688472	3.96E-12	75.2
NC_009598.1	OR643818.1	86.885	61	8	0	141396	141456	688472	688532	3.96E-12	75.2
NC_009598.1	OR643818.1	100	41	0	0	157732	157772	947754	947794	3.96E-12	75.2
NC_009598.1	OR643818.1	84.615	65	4	1	127856	127920	1077846	1077904	1.38E-11	74.3
NC_009598.1	OR643818.1	78.947	95	10	4	109151	109240	188192	188103	1.38E-11	73.4
NC_009598.1	OR643818.1	78.947	95	10	4	135521	135610	188103	188192	1.38E-11	73.4
NC_009598.1	OR643818.1	78.947	95	10	4	109151	109240	382708	382619	1.38E-11	73.4
NC_009598.1	OR643818.1	78.947	95	10	4	135521	135610	382619	382708	1.38E-11	73.4
NC_009598.1	OR643818.1	92	50	0	1	35846	35895	551177	551222	4.83E-11	72.5
NC_009598.1	OR643818.1	91.489	47	4	0	76548	76594	36544	36498	5.88E-10	68
NC_009598.1	OR643818.1	83.871	62	10	0	104726	104787	686206	686145	5.88E-10	68
NC_009598.1	OR643818.1	83.871	62	10	0	139974	140035	686145	686206	5.88E-10	68
NC_009598.1	OR643818.1	97.436	39	1	0	48527	48565	283963	284001	2.05E-09	67.1
NC_009598.1	OR643818.1	93.182	44	3	0	70258	70301	613430	613387	2.05E-09	67.1
NC_009598.1	OR643818.1	78.667	75	16	0	137325	137399	116367	116293	7.16E-09	64.4
NC_009598.1	OR643818.1	78.667	75	16	0	107362	107436	116293	116367	7.16E-09	64.4
NC_009598.1	OR643818.1	90.196	51	3	2	77016	77065	213838	213789	2.50E-08	63.5
NC_009598.1	OR643818.1	79.221	77	6	3	135050	135116	231526	231450	2.50E-08	63.5
NC_009598.1	OR643818.1	79.221	77	6	3	109645	109711	231450	231526	2.50E-08	63.5
NC_009598.1	OR643818.1	100	34	0	0	119967	120000	400930	400897	2.50E-08	62.6
NC_009598.1	OR643818.1	94.872	39	2	0	101198	101236	721193	721155	2.50E-08	62.6
NC_009598.1	OR643818.1	94.872	39	2	0	143525	143563	721155	721193	2.50E-08	62.6
NC_009598.1	OR643818.1	94.872	39	2	0	45019	45057	1093009	1092971	2.50E-08	62.6
NC_009598.1	OR643818.1	94.737	38	2	0	28824	28861	703517	703480	8.73E-08	60.8
NC_009598.1	OR643818.1	85.455	55	7	1	49753	49806	827819	827873	8.73E-08	60.8
NC_009598.1	OR643818.1	85.455	55	7	1	49753	49806	937928	937874	8.73E-08	60.8
NC_009598.1	OR643818.1	81.667	60	11	0	141397	141456	30262	30203	3.05E-07	59.9
NC_009598.1	OR643818.1	81.667	60	11	0	103305	103364	30203	30262	3.05E-07	59.9
NC_009598.1	OR643818.1	97.143	35	1	0	123338	123372	344202	344236	3.05E-07	59.9
NC_009598.1	OR643818.1	81.667	60	11	0	141397	141456	480503	480444	3.05E-07	59.9
NC_009598.1	OR643818.1	81.667	60	11	0	103305	103364	480444	480503	3.05E-07	59.9
NC_009598.1	OR643818.1	81.667	60	11	0	103305	103364	635658	635599	3.05E-07	59.9
NC_009598.1	OR643818.1	81.667	60	11	0	141397	141456	635599	635658	3.05E-07	59.9
NC_009598.1	OR643818.1	81.25	64	11	1	69348	69410	935413	935476	3.05E-07	59
NC_009598.1	OR643818.1	74.257	101	10	5	155646	155743	136935	136848	1.06E-06	58.1
NC_009598.1	OR643818.1	74.257	101	10	5	89018	89115	136848	136935	1.06E-06	58.1
NC_009598.1	OR643818.1	97.059	34	1	0	124169	124202	807141	807108	1.06E-06	58.1
NC_009598.1	OR643818.1	85.714	49	7	0	94320	94368	1099971	1099923	1.06E-06	58.1
NC_009598.1	OR643818.1	85.714	49	7	0	150393	150441	1099923	1099971	1.06E-06	58.1
NC_009598.1	OR643818.1	73.684	95	24	1	46599	46692	8301	8207	3.71E-06	56.3
NC_009598.1	OR643818.1	84.615	52	6	1	101199	101248	722171	722120	3.71E-06	56.3
NC_009598.1	OR643818.1	84.615	52	6	1	143513	143562	722120	722171	3.71E-06	56.3
NC_009598.1	OR643818.1	73.684	95	24	1	8711	8805	729446	729353	3.71E-06	56.3
NC_009598.1	OR643818.1	84.615	52	6	1	44041	44092	1093008	1092959	3.71E-06	56.3
NC_009598.1	OR643818.1	80	60	12	0	103305	103364	15610	15551	3.71E-06	55.4
NC_009598.1	OR643818.1	80	60	12	0	141397	141456	15551	15610	3.71E-06	55.4
